1 20 1542 1026 22 96
2 14 3905 159 32 32
3 13 3872 128 32 32
4 13 3839 98 32 32
5 13 3807 65 32 32
6 13 3743 259 32 32
7 13 3776 289 32 32
8 13 3808 322 32 32
9 13 3840 352 32 32
10 14 3969 543 32 32
11 13 3937 512 32 32
12 13 3904 480 32 32
13 13 3871 449 32 32
14 13 3841 417 32 32
15 13 1632 707 32 32
16 13 1662 741 32 32
17 13 1695 832 32 32
18 13 1664 800 32 32
19 13 1343 1122 32 32
20 13 1311 1090 32 32
21 14 1409 1248 32 32
22 13 1376 1217 32 32
23 13 1344 1182 32 32
24 25 3807 64 32 32
25 25 3741 258 32 32
26 25 1629 706 32 32
27 25 1312 1090 32 32
28 22 3972 578 32 32
29 22 3909 196 32 32
30 22 1702 867 32 32
31 22 1415 1282 32 32
32 13 353 958 32 32
33 13 321 928 32 32
34 22 356 993 32 32
35 25 320 930 32 32
36 17 699 1011 64 36
37 17 826 1011 64 36
38 17 956 1011 64 36
39 11 3995 124 16 32
40 11 3871 328 16 32
41 11 3992 736 16 32
42 11 3867 734 16 32
43 11 3732 739 16 32
44 11 3594 734 16 32
45 11 3477 737 16 32
46 11 3353 733 16 32
47 11 3155 735 16 32
48 20 3076 705 22 96
49 11 2967 735 16 32
50 11 2839 738 16 32
51 11 2709 735 16 32
52 11 2580 737 16 32
53 11 2454 736 16 32
54 11 2072 687 16 32
55 11 1942 733 16 32
56 11 1817 672 16 32
57 11 1693 732 16 32
58 11 1687 924 16 32
59 11 1933 936 16 32
60 11 1815 1114 16 32
61 11 2198 927 16 32
62 11 2329 1110 16 32
63 11 2449 940 16 32
64 11 2833 939 16 32
65 11 2709 1094 16 32
66 11 2585 1103 16 32
67 11 2965 1119 16 32
68 11 2067 1107 16 32
69 11 1298 935 16 32
70 11 1168 931 16 32
71 11 1041 926 16 32
72 11 915 925 16 32
73 11 783 924 16 32
74 11 655 925 16 32
75 11 538 926 16 32
76 11 407 929 16 32
77 11 271 941 16 32
78 11 147 980 16 32
79 11 1430 1387 16 32
80 11 1296 1384 16 32
81 11 1167 1381 16 32
82 11 1040 1378 16 32
83 11 914 1378 16 32
84 11 783 1374 16 32
85 11 653 1374 16 32
86 11 504 1379 16 32
87 11 399 1371 16 32
88 20 3612 129 22 96
89 5 3841 294 32 64
90 0 3666 326 32 32
91 5 1965 679 32 64
92 5 3737 551 32 64
93 5 2596 939 32 64
94 5 2627 1066 32 64
95 5 2957 1064 32 64
96 8 482 1059 32 64
97 8 611 1124 32 64
98 6 612 1413 32 32
99 6 960 1367 32 32
100 6 1738 930 32 32
101 6 2051 927 32 32
102 6 2370 937 32 32
103 9 1137 1094 28 28
104 27 198 1314 65 64
656 19 3140 609 64 16
669 19 2172 992 64 16
670 19 2426 992 64 16
105 12 4032 126 64 96
111 12 4032 510 64 352
133 12 4032 734 64 192
145 12 3936 158 160 32
150 12 4000 542 96 32
153 12 3616 30 480 32
168 12 2174 609 960 32
198 12 3457 609 192 32
204 12 3774 609 192 32
210 12 3006 577 96 192
228 12 3521 577 96 192
246 12 3710 481 128 32
250 12 3774 577 64 96
256 12 1535 576 64 192
268 12 1535 640 64 32
270 12 1535 768 64 96
276 12 3326 576 64 192
288 12 3647 544 64 32
290 12 1535 608 576 32
308 12 3262 608 128 32
312 12 2112 673 64 32
314 12 1728 834 64 32
316 12 1856 831 64 32
318 12 -1 864 1024 32
350 12 1343 896 256 96
374 12 1986 864 128 32
378 12 2365 864 704 32
400 12 -1 832 64 64
404 12 -1 1120 64 256
420 12 959 832 64 32
422 12 257 896 64 32
424 12 3005 960 64 96
430 12 3005 1120 64 128
438 12 959 800 640 32
458 12 1407 928 256 32
466 12 2813 992 256 32
474 12 2174 865 128 32
478 12 446 993 64 32
480 12 1664 993 384 32
492 12 2493 993 192 32
498 12 2753 1057 64 32
500 12 2237 994 64 32
502 12 1535 672 128 32
506 12 384 961 64 32
508 12 445 1281 960 32
538 12 -1 1248 448 32
552 12 0 1536 64 192
564 12 512 1058 1088 32
598 12 1472 1122 128 64
606 12 1472 1218 64 96
612 12 1472 1506 64 256
628 12 1440 1250 96 32
631 12 3200 546 64 32
633 12 3585 385 32 128
637 12 3585 193 64 64
641 12 3585 257 64 32
643 12 3585 225 320 32
653 12 3071 737 32 32
654 12 2687 929 64 32
END
0 0 1536 4096 0 0
1 0 1536 2047 767 0
5 0 1536 1022 1150 0
21 0 1536 510 1342 3 86 87 552
22 511 1536 1022 1342 0
89 511 1536 765 1438 0
90 766 1536 1022 1438 0
91 511 1439 765 1342 3 85 86 98
92 766 1439 1022 1342 3 83 84 99
23 0 1343 510 1150 0
93 0 1343 254 1245 2 538 104
94 255 1343 510 1245 4 538 508 104 87
95 0 1246 254 1150 1 538
96 255 1246 510 1150 1 538
24 511 1343 1022 1150 0
97 511 1343 765 1245 2 508 85
98 766 1343 1022 1245 3 508 99 84
99 511 1246 765 1150 0
100 766 1246 1022 1150 0
6 1023 1536 2047 1150 0
25 1023 1536 1534 1342 0
101 1023 1536 1277 1438 0
102 1278 1536 1534 1438 1 612
103 1023 1439 1277 1342 2 82 81
104 1278 1439 1534 1342 3 80 79 612
26 1535 1536 2047 1342 1 612
27 1023 1343 1534 1150 0
109 1023 1343 1277 1245 1 508
110 1278 1343 1534 1245 5 21 31 508 612 628
111 1023 1246 1277 1150 0
112 1278 1246 1534 1150 5 21 22 23 606 628
28 1535 1343 2047 1150 3 606 612 628
7 0 1151 1022 767 0
29 0 1151 510 958 0
117 0 1151 254 1053 1 404
118 255 1151 510 1053 1 96
119 0 1054 254 958 2 78 404
120 255 1054 510 958 5 96 32 34 478 506
30 511 1151 1022 958 0
121 511 1151 765 1053 3 96 97 564
122 766 1151 1022 1053 1 564
123 511 1054 765 958 3 96 36 564
124 766 1054 1022 958 3 38 37 564
31 0 959 510 767 0
125 0 959 254 862 3 78 318 404
126 255 959 510 862 8 76 32 33 35 77 318 422 506
127 0 863 254 767 2 318 400
128 255 863 510 767 1 318
32 511 959 1022 767 0
129 511 959 765 862 3 75 74 318
130 766 959 1022 862 3 73 72 318
131 511 863 765 767 1 318
132 766 863 1022 767 3 318 420 438
8 1023 1151 2047 767 0
33 1023 1151 1534 958 0
133 1023 1151 1277 1053 2 103 564
134 1278 1151 1534 1053 7 27 23 20 19 564 598 606
135 1023 1054 1277 958 1 564
136 1278 1054 1534 958 1 564
34 1535 1151 2047 958 0
137 1535 1151 1790 1053 3 564 598 606
138 1791 1151 2047 1053 1 60
139 1535 1054 1790 958 3 564 480 1
140 1791 1054 2047 958 1 480
35 1023 959 1534 767 0
141 1023 959 1277 862 3 318 71 70
142 1278 959 1534 862 3 69 350 458
143 1023 863 1277 767 3 318 420 438
144 1278 863 1534 767 2 350 438
36 1535 959 2047 767 0
145 1535 959 1790 862 6 30 1 58 100 350 458
146 1791 959 2047 862 2 59 374
147 1535 863 1790 767 7 30 18 17 270 314 350 438
148 1791 863 2047 767 3 314 316 374
2 2048 1536 4096 767 0
9 2048 1536 3071 1150 0
10 3072 1536 4096 1150 0
11 2048 1151 3071 767 0
45 2048 1151 2558 958 0
181 2048 1151 2302 1053 1 68
182 2303 1151 2558 1053 1 62
183 2048 1054 2302 958 3 669 480 500
184 2303 1054 2558 958 2 670 492
46 2559 1151 3071 958 0
185 2559 1151 2814 1053 4 94 66 65 498
186 2815 1151 3071 1053 4 67 95 430 498
187 2559 1054 2814 958 4 94 466 492 498
188 2815 1054 3071 958 5 95 424 430 466 498
47 2048 959 2558 767 0
189 2048 959 2302 862 4 101 61 374 474
190 2303 959 2558 862 3 102 63 378
191 2048 863 2302 767 2 374 474
192 2303 863 2558 767 1 378
48 2559 959 3071 767 0
193 2559 959 2814 862 3 378 93 654
194 2815 959 3071 862 3 424 378 64
195 2559 863 2814 767 1 378
196 2815 863 3071 767 1 378
12 3072 1151 4096 767 0
3 0 768 2047 0 0
13 0 768 1022 383 2 400 438
14 1023 768 2047 383 0
57 1023 768 1534 574 1 438
58 1535 768 2047 574 0
233 1535 768 1790 670 8 26 18 16 15 57 270 438 502
234 1791 768 2047 670 3 55 56 91
235 1535 671 1790 574 4 256 268 290 502
236 1791 671 2047 574 3 56 91 290
59 1023 575 1534 383 0
60 1535 575 2047 383 1 256
15 0 384 1022 0 0
16 1023 384 2047 0 1 256
4 2048 768 4096 0 0
17 2048 768 3071 383 0
69 2048 768 2558 574 0
277 2048 768 2302 670 2 54 312
278 2303 768 2558 670 1 53
279 2048 671 2302 574 4 290 168 54 312
280 2303 671 2558 574 1 168
70 2559 768 3071 574 0
281 2559 768 2814 670 2 51 52
282 2815 768 3071 670 3 49 50 653
283 2559 671 2814 574 1 168
284 2815 671 3071 574 2 168 210
71 2048 575 2558 383 0
72 2559 575 3071 383 1 210
18 3072 768 4096 383 0
73 3072 768 3583 574 0
293 3072 768 3326 670 3 48 47 653
294 3327 768 3583 670 2 46 45
295 3072 671 3326 574 6 48 656 168 210 276 308
296 3327 671 3583 574 4 198 228 276 308
74 3584 768 4096 574 0
297 3584 768 3839 670 2 43 44
298 3840 768 4096 670 3 42 41 133
299 3584 671 3839 574 4 198 204 228 250
300 3840 671 4096 574 3 28 133 204
75 3072 575 3583 383 0
301 3072 575 3326 478 3 631 276 210
302 3327 575 3583 478 2 276 228
303 3072 479 3326 383 2 276 210
304 3327 479 3583 383 2 276 228
76 3584 575 4096 383 0
305 3584 575 3839 478 5 92 228 246 250 288
306 3840 575 4096 478 7 10 11 12 28 111 133 150
307 3584 479 3839 383 3 228 246 633
308 3840 479 4096 383 4 12 13 14 111
19 2048 384 3071 0 0
20 3072 384 4096 0 0
81 3072 384 3583 191 1 276
82 3584 384 4096 191 0
329 3584 384 3839 286 4 8 7 90 633
330 3840 384 4096 286 5 9 8 40 89 111
331 3584 287 3839 191 7 7 6 25 633 637 641 643
332 3840 287 4096 191 4 29 89 111 643
83 3072 192 3583 0 0
84 3584 192 4096 0 0
337 3584 192 3839 95 3 4 88 637
338 3840 192 4096 95 8 2 3 4 29 39 105 111 145
339 3584 96 3839 0 5 5 4 24 88 153
340 3840 96 4096 0 5 3 4 39 105 153
