1 140 3905 157 32 32
2 130 3873 131 32 32
3 130 3837 97 32 32
4 130 3803 68 32 32
5 130 3746 257 32 32
6 130 3776 290 32 32
7 130 3807 323 32 32
8 130 3837 356 32 32
9 140 3970 539 32 32
10 130 3940 513 32 32
11 130 3905 483 32 32
12 130 3873 450 32 32
13 130 3840 417 32 32
14 23 3800 383 60 10
15 130 1631 708 32 32
16 130 1663 740 32 32
17 130 1696 833 32 32
18 130 1663 803 32 32
19 23 1645 773 60 10
20 130 320 932 32 32
21 130 352 962 32 32
22 130 1312 1091 32 32
23 130 1345 1123 32 32
24 140 1407 1247 32 32
25 130 1376 1214 32 32
26 130 1342 1183 32 32
27 23 1320 1155 60 10
28 20 1544 1025 22 96
29 20 3072 709 22 96
31 11 407 1373 16 32
32 11 551 1388 16 32
33 11 662 1388 16 32
34 11 789 1386 16 32
35 11 911 1393 16 32
36 11 1042 1391 16 32
37 11 1167 1392 16 32
38 11 1298 1389 16 32
39 11 1433 1390 16 32
40 11 149 990 16 32
41 11 279 947 16 32
42 11 545 940 16 32
43 11 659 943 16 32
44 11 787 944 16 32
45 11 921 942 16 32
46 11 1048 941 16 32
47 11 1177 939 16 32
48 11 1306 942 16 32
49 11 1813 1116 16 32
50 11 2072 1098 16 32
51 11 2194 1054 16 32
52 11 2585 1116 16 32
53 11 2447 937 16 32
54 11 2198 940 16 32
55 11 2838 927 16 32
56 11 1933 937 16 32
57 11 1683 931 16 32
58 11 1676 700 16 32
59 11 1816 671 16 32
60 11 1940 720 16 32
61 11 2070 667 16 32
62 11 2224 730 16 32
63 11 2325 732 16 32
64 11 2451 735 16 32
65 11 2582 734 16 32
66 11 2710 733 16 32
67 11 2840 730 16 32
68 11 2966 732 16 32
69 11 3219 727 16 32
70 11 3355 729 16 32
71 11 3478 733 16 32
72 11 3991 734 16 32
73 11 3852 731 16 32
74 11 3732 729 16 32
75 11 3612 730 16 32
76 11 3847 318 16 32
77 11 3733 160 16 32
78 11 3975 124 16 32
79 21 3733 82 24 50
80 21 3019 661 24 50
81 21 1495 977 24 50
82 25 3737 258 32 32
83 25 3804 67 32 32
84 25 1629 710 32 32
85 25 308 931 32 32
86 25 1314 1092 32 32
87 22 3935 255 32 32
88 22 3998 637 32 32
89 22 1730 930 32 32
90 22 374 1064  32 32
91 22 1435 1353 32 32
621 20 10 1346 22 96
622 17 698 1007 64 36
623 17 827 1007 64 36
624 17 955 1007 64 36
625 5 3783 309 32 64
626 5 3728 640 32 64
627 5 3306 704 32 64
628 5 2009 712 32 64
629 5 2586 1080 32 64
630 5 2900 1099 32 64
631 5 2513 948 32 64
92 120 3616 34 480 32
107 120 4032 130 64 96
113 120 4032 354 64 192
125 120 3936 162 160 32
130 120 3583 224 320 32
140 120 3583 192 64 64
144 120 3583 256 64 32
146 120 3583 352 32 96
149 120 3329 576 64 192
161 120 4033 512 64 128
169 120 4033 736 64 192
181 120 3647 544 64 32
183 120 4001 544 96 32
202 120 2177 608 960 32
232 120 3265 608 128 32
236 120 2114 672 64 32
186 120 3711 479 128 32
190 120 3775 575 64 96
196 120 3775 607 192 32
238 120 1537 609 576 32
256 120 3455 609 192 32
262 120 1537 577 64 192
274 120 1537 641 64 32
276 120 1537 737 64 64
280 120 3519 577 96 192
298 120 3201 545 64 32
300 120 1537 673 128 32
304 120 1726 834 64 32
306 120 1856 831 64 32
308 120 1985 863 128 32
312 120 2176 863 128 32
316 120 0 865 1024 32
348 120 1344 897 256 96
372 120 2367 865 704 32
394 120 0 833 64 64
398 120 0 1121 64 256
414 120 960 833 64 32
416 120 3007 833 64 64
420 120 3007 961 64 96
426 120 3007 1121 64 128
434 120 256 897 64 32
436 120 960 801 640 32
456 120 1408 929 256 32
464 120 2688 929 64 32
466 120 2815 993 256 32
474 120 2752 1054 64 32
476 120 511 1058 1088 32
510 120 1471 1122 128 64
518 120 1439 1247 96 32
521 120 1471 1215 64 64
525 120 1471 1503 64 256
541 120 415 1281 992 32
572 120 -1 1249 448 32
586 120 -1 1504 64 160
596 120 3067 742 32 32
597 120 1662 995 384 32
609 120 2238 995 64 32
611 120 2494 995 192 32
617 120 446 994 64 32
619 120 382 964 64 32
END
0 0 1536 4096 0 0
1 0 1536 2047 767 0
5 0 1536 1022 1150 0
21 0 1536 510 1342 3 31 621 586
22 511 1536 1022 1342 0
89 511 1536 765 1438 0
90 766 1536 1022 1438 0
91 511 1439 765 1342 2 32 33
92 766 1439 1022 1342 2 35 34
23 0 1343 510 1150 0
93 0 1343 254 1245 2 572 621
94 255 1343 510 1245 3 572 541 31
95 0 1246 254 1150 1 572
96 255 1246 510 1150 1 572
24 511 1343 1022 1150 1 541
6 1023 1536 2047 1150 0
25 1023 1536 1534 1342 0
101 1023 1536 1277 1438 0
102 1278 1536 1534 1438 1 525
103 1023 1439 1277 1342 2 37 36
104 1278 1439 1534 1342 3 39 38 525
26 1535 1536 2047 1342 1 525
27 1023 1343 1534 1150 0
109 1023 1343 1277 1245 1 541
110 1278 1343 1534 1245 5 91 24 518 525 541
111 1023 1246 1277 1150 0
112 1278 1246 1534 1150 6 91 24 25 26 518 521
28 1535 1343 2047 1150 3 518 521 525
7 0 1151 1022 767 0
29 0 1151 510 958 0
117 0 1151 254 1053 1 398
118 255 1151 510 1053 0
119 0 1054 254 958 2 398 40
120 255 1054 510 958 4 90 21 617 619
30 511 1151 1022 958 0
121 511 1151 765 1053 1 476
122 766 1151 1022 1053 1 476
123 511 1054 765 958 2 476 622
124 766 1054 1022 958 3 476 624 623
31 0 959 510 767 0
125 0 959 254 862 3 40 316 398
126 255 959 510 862 7 20 21 41 85 316 434 619
127 0 863 254 767 2 316 394
128 255 863 510 767 1 316
32 511 959 1022 767 0
129 511 959 765 862 3 43 42 316
130 766 959 1022 862 3 45 44 316
131 511 863 765 767 1 316
132 766 863 1022 767 3 316 414 436
8 1023 1151 2047 767 0
33 1023 1151 1534 958 0
133 1023 1151 1277 1053 1 476
134 1278 1151 1534 1053 8 27 26 23 22 86 476 510 521
135 1023 1054 1277 958 1 476
136 1278 1054 1534 958 2 81 476
34 1535 1151 2047 958 0
137 1535 1151 1790 1053 3 510 476 521
138 1791 1151 2047 1053 1 49
139 1535 1054 1790 958 3 476 28 597
140 1791 1054 2047 958 1 597
35 1023 959 1534 767 0
141 1023 959 1277 862 3 47 46 316
142 1278 959 1534 862 4 81 48 348 456
143 1023 863 1277 767 3 316 414 436
144 1278 863 1534 767 2 348 436
36 1535 959 2047 767 0
145 1535 959 1790 862 5 28 57 89 348 456
146 1791 959 2047 862 2 56 308
147 1535 863 1790 767 7 19 18 17 89 304 348 436
148 1791 863 2047 767 2 306 308
2 2048 1536 4096 767 0
9 2048 1536 3071 1150 0
10 3072 1536 4096 1150 0
11 2048 1151 3071 767 0
45 2048 1151 2558 958 0
181 2048 1151 2302 1053 2 51 50
182 2303 1151 2558 1053 0
183 2048 1054 2302 958 2 609 51
184 2303 1054 2558 958 1 611
46 2559 1151 3071 958 0
185 2559 1151 2814 1053 3 629 52 474
186 2815 1151 3071 1053 3 630 426 474
187 2559 1054 2814 958 3 629 474 611
188 2815 1054 3071 958 5 420 630 426 466 474
47 2048 959 2558 767 0
189 2048 959 2302 862 3 308 54 312
190 2303 959 2558 862 4 631 53 312 372
191 2048 863 2302 767 2 308 312
192 2303 863 2558 767 2 312 372
48 2559 959 3071 767 0
193 2559 959 2814 862 2 372 464
194 2815 959 3071 862 3 420 372 55
195 2559 863 2814 767 1 372
196 2815 863 3071 767 2 416 372
12 3072 1151 4096 767 0
3 0 768 2047 0 0
13 0 768 1022 383 0
14 1023 768 2047 383 0
57 1023 768 1534 574 0
58 1535 768 2047 574 0
233 1535 768 1790 670 7 58 19 16 15 84 276 300
234 1791 768 2047 670 3 59 60 628
235 1535 671 1790 574 5 58 238 262 274 300
236 1791 671 2047 574 3 59 628 238
59 1023 575 1534 383 0
60 1535 575 2047 383 1 262
15 0 384 1022 0 0
16 1023 384 2047 0 0
4 2048 768 4096 0 0
17 2048 768 3071 383 0
69 2048 768 2558 574 0
277 2048 768 2302 670 2 62 236
278 2303 768 2558 670 2 63 64
279 2048 671 2302 574 4 61 202 236 238
280 2303 671 2558 574 1 202
70 2559 768 3071 574 0
281 2559 768 2814 670 2 66 65
282 2815 768 3071 670 3 68 67 596
283 2559 671 2814 574 1 202
284 2815 671 3071 574 2 80 202
71 2048 575 2558 383 0
72 2559 575 3071 383 0
18 3072 768 4096 383 0
73 3072 768 3583 574 0
293 3072 768 3326 670 4 69 29 627 596
294 3327 768 3583 670 3 71 70 627
295 3072 671 3326 574 4 29 627 202 232
296 3327 671 3583 574 5 627 149 232 256 280
74 3584 768 4096 574 0
297 3584 768 3839 670 2 75 74
298 3840 768 4096 670 3 73 72 169
299 3584 671 3839 574 5 626 190 196 256 280
300 3840 671 4096 574 3 88 169 196
75 3072 575 3583 383 3 149 280 298
76 3584 575 4096 383 0
305 3584 575 3839 478 5 181 186 190 196 280
306 3840 575 4096 478 8 9 10 11 88 161 169 183 196
307 3584 479 3839 383 4 14 186 190 280
308 3840 479 4096 383 5 11 12 13 14 161
19 2048 384 3071 0 0
20 3072 384 4096 0 0
81 3072 384 3583 191 0
325 3072 384 3326 286 0
326 3327 384 3583 286 2 146 149
327 3072 287 3326 191 0
328 3327 287 3583 191 4 146 144 140 130
82 3584 384 4096 191 0
329 3584 384 3839 286 6 8 7 6 14 625 146
330 3840 384 4096 286 5 8 14 76 113 161
331 3584 287 3839 191 8 6 5 82 625 130 140 144 146
332 3840 287 4096 191 4 76 87 113 130
83 3072 192 3583 0 2 130 140
84 3584 192 4096 0 0
337 3584 192 3839 95 4 3 77 130 140
338 3840 192 4096 95 9 1 2 3 78 87 107 113 125 130
339 3584 96 3839 0 5 3 4 79 83 92
340 3840 96 4096 0 4 3 78 92 107
