505 13 1349 544 32 32
506 13 1317 512 32 32
507 13 1285 480 32 32
508 13 1253 448 32 32
509 13 1477 608 32 32
510 13 1445 576 32 32
511 -13 1829 608 32 32
512 -13 1861 576 32 32
677 13 2751 609 32 32
678 13 2719 576 32 32
679 13 2687 544 32 32
680 13 2655 512 32 32
681 13 2623 480 32 32
682 13 2591 448 32 32
717 -13 3220 292 32 32
718 -13 3188 325 32 32
719 -13 3156 358 32 32
720 -13 3524 453 32 32
721 -13 3492 487 32 32
722 -13 3459 517 32 32
723 -14 3427 544 32 32
724 -14 3141 416 32 32
725 -14 3781 416 32 32
726 -14 3875 545 32 32
727 -13 3907 512 32 32
728 -13 3939 480 32 32
729 -13 3971 448 32 32
730 -13 4326 614 32 32
731 -13 4356 581 32 32
732 -13 4709 546 32 32
733 -13 4739 514 32 32
734 -13 4772 484 32 32
735 -13 4804 451 32 32
736 13 5476 515 32 32
737 13 5504 549 32 32
738 -13 3924 224 32 32
739 -13 3892 256 32 32
740 -13 3860 288 32 32
741 -13 3828 320 32 32
742 -13 3796 352 32 32
1179 20 3058 708 22 96
1210 20 4082 708 22 96
1256 20 5616 644 22 96
1266 11 58 476 16 32
1267 11 185 540 16 32
1268 11 317 478 16 32
1269 11 442 543 16 32
1270 11 572 479 16 32
1271 11 699 542 16 32
1272 11 826 478 16 32
1273 11 950 544 16 32
1274 11 1081 478 16 32
1275 11 1212 545 16 32
1277 11 1463 483 16 32
1278 11 1352 658 16 32
1295 11 1727 672 16 32
1296 11 1721 480 16 32
1297 11 1984 666 16 32
1298 11 2113 480 16 32
1299 11 2242 480 16 32
1300 11 2368 478 16 32
1301 11 2495 483 16 32
1302 11 2605 484 16 32
1303 11 2736 528 16 32
1304 11 2873 674 16 32
1305 11 3009 738 16 32
1306 11 3255 673 16 32
1307 11 3388 704 16 32
1308 11 3520 547 16 32
1309 11 3134 479 16 32
1310 11 3133 323 16 32
1311 11 3266 330 16 32
1322 11 3394 328 16 32
1323 11 3517 331 16 32
1324 11 3644 331 16 32
1325 11 3771 332 16 32
1326 11 3904 336 16 32
1327 11 4064 330 16 32
1335 11 3775 480 16 32
1336 11 3679 695 16 32
1342 11 4036 675 16 32
1343 11 4285 670 16 32
1344 11 4408 605 16 32
1345 11 4546 669 16 32
1346 11 4678 482 16 32
1352 11 4807 532 16 32
1353 11 4929 477 16 32
1354 11 5053 478 16 32
1355 11 5183 532 16 32
1356 11 5311 480 16 32
1357 11 5441 545 16 32
1358 11 5551 478 16 32
1359 23 3170 384 60 10
1360 23 3780 384 60 10
1361 25 1253 448 32 32
1362 25 1445 576 32 32
1363 -25 1861 576 32 32
1364 25 2591 448 32 32
1365 -25 3225 288 32 32
1366 -25 3923 224 32 32
1367 -25 3975 451 32 32
1368 -25 3525 450 32 32
1369 -25 4804 448 32 32
1370 25 5474 511 32 32
1371 -25 4360 576 32 32
1372 22 1381 642 32 32
1373 22 1509 706 32 32
1374 -22 1797 706 32 32
1375 22 2783 707 32 32
1376 -22 3395 642 32 32
1377 -22 3107 514 32 32
1378 -22 3842 643 32 32
1379 -22 4290 707 32 32
1380 -22 4675 640 32 32
1381 22 5527 645 32 32
1382 -22 3740 514 32 32
1384 21 10 465 24 50
1385 21 4190 659 24 50
1388 21 3215 659 24 50
1 -12 3 416 3136 32
100 -12 3171 416 608 32
120 -12 3811 416 1824 32
177 -12 3071 192 448 32
193 -12 3583 192 64 32
197 -12 3711 192 320 32
270 -12 3968 64 64 32
272 -12 4035 129 64 32
276 -12 1381 544 96 32
288 -12 1861 544 192 32
1178 -12 3058 577 32 160
1180 -12 3058 740 32 32
445 -12 3329 544 96 32
451 -12 3586 577 128 160
448 -12 3777 545 96 32
1185 -12 4067 577 32 160
418 -12 1509 608 320 32
471 -12 3716 577 64 32
1153 -12 2783 609 544 32
475 -12 3907 609 416 32
488 -12 4355 543 352 32
499 -12 5435 480 64 32
504 -12 3267 257 64 32
1212 -12 4032 740 64 32
1263 -12 5610 740 32 96
1250 -12 5534 547 96 32
1253 -12 5619 514 32 96
1328 -12 4082 354 32 224
END
0 0 768 5632 0 0
1 0 768 2815 383 0
5 0 768 1406 574 2 1278 1372
6 1407 768 2815 574 0
25 1407 768 2110 670 1 1295
26 2111 768 2815 670 0
27 1407 671 2110 574 0
109 1407 671 1757 621 2 1295 1373
110 1758 671 2110 621 2 1297 1374
111 1407 622 1757 574 5 509 510 1362 1373 418
112 1758 622 2110 574 5 511 512 1363 1374 418
28 2111 671 2815 574 0
113 2111 671 2462 621 0
114 2463 671 2815 621 1 1375
115 2111 622 2462 574 0
116 2463 622 2815 574 4 1153 1375 678 677
7 0 575 1406 383 0
29 0 575 702 478 0
117 0 575 350 525 1 1267
118 351 575 702 525 2 1269 1271
119 0 526 350 478 2 1268 1267
120 351 526 702 478 3 1270 1269 1271
30 703 575 1406 478 0
121 703 575 1053 525 2 1271 1273
122 1054 575 1406 525 4 505 1275 1372 276
123 703 526 1053 478 3 1271 1272 1273
124 1054 526 1406 478 6 505 506 507 1274 1275 276
31 0 479 702 383 0
125 0 479 350 430 3 1384 1268 1266
126 351 479 702 430 1 1270
127 0 431 350 383 2 1384 1
128 351 431 702 383 1 1
32 703 479 1406 383 0
129 703 479 1053 430 1 1272
130 1054 479 1406 430 4 1274 507 508 1361
131 703 431 1053 383 1 1
132 1054 431 1406 383 3 508 1361 1
8 1407 575 2815 383 0
33 1407 575 2110 478 0
133 1407 575 1757 525 3 510 1362 276
134 1758 575 2110 525 3 512 1363 288
135 1407 526 1757 478 3 1296 1277 276
136 1758 526 2110 478 1 288
34 2111 575 2815 478 0
137 2111 575 2462 525 0
138 2463 575 2815 525 3 678 679 1303
139 2111 526 2462 478 3 1298 1299 1300
140 2463 526 2815 478 6 681 680 679 1301 1302 1303
35 1407 479 2110 383 3 1277 1296 1
36 2111 479 2815 383 0
145 2111 479 2462 430 3 1299 1298 1300
146 2463 479 2815 430 5 682 681 1301 1302 1364
147 2111 431 2462 383 1 1
148 2463 431 2815 383 3 682 1364 1
2 2816 768 5632 383 0
9 2816 768 4223 574 0
37 2816 768 3518 670 0
149 2816 768 3166 718 2 1305 1180
150 3167 768 3518 718 0
151 2816 719 3166 670 4 1179 1304 1305 1180
152 3167 719 3518 670 2 1306 1307
38 3519 768 4223 670 0
153 3519 768 3870 718 0
154 3871 768 4223 718 1 1212
155 3519 719 3870 670 1 1336
156 3871 719 4223 670 3 1212 1342 1210
39 2816 671 3518 574 0
157 2816 671 3166 621 3 1179 1304 1388
158 3167 671 3518 621 1 1306
159 2816 622 3166 574 4 1179 1388 1178 1153
160 3167 622 3518 574 2 1376 1153
40 3519 671 4223 574 0
161 3519 671 3870 621 1 1336
162 3871 671 4223 621 3 1385 1342 1210
163 3519 622 3870 574 2 451 471
164 3871 622 4223 574 4 1385 1210 1185 475
10 4224 768 5632 574 0
41 4224 768 4927 670 1 1343
42 4928 768 5632 670 1 1263
43 4224 671 4927 574 0
173 4224 671 4574 621 3 1343 1345 1379
174 4575 671 4927 621 0
175 4224 622 4574 574 6 1344 730 731 1371 1379 475
176 4575 622 4927 574 1 1380
44 4928 671 5632 574 3 1256 1381 1263
11 2816 575 4223 383 0
45 2816 575 3518 478 0
181 2816 575 3166 525 1 1178
182 3167 575 3518 525 3 723 1376 445
183 2816 526 3166 478 2 1309 1178
184 3167 526 3518 478 4 723 722 721 445
46 3519 575 4223 478 0
185 3519 575 3870 525 5 1308 1378 451 448 471
186 3871 575 4223 525 4 726 1378 448 1185
187 3519 526 3870 478 5 721 1308 1335 451 448
188 3871 526 4223 478 5 728 727 726 448 1185
47 2816 479 3518 383 0
189 2816 479 3166 430 3 1377 1309 1178
190 3167 479 3518 430 1 721
191 2816 431 3166 383 4 1377 724 1 1178
192 3167 431 3518 383 2 724 100
48 3519 479 4223 383 0
193 3519 479 3870 430 6 721 720 1335 1368 1382 451
194 3871 479 4223 430 4 728 729 1367 1185
195 3519 431 3870 383 8 725 720 1360 1368 1382 100 120 451
196 3871 431 4223 383 4 729 1367 120 1185
12 4224 575 5632 383 0
49 4224 575 4927 478 0
197 4224 575 4574 525 4 731 1344 1371 488
198 4575 575 4927 525 4 732 1352 1380 488
199 4224 526 4574 478 1 488
200 4575 526 4927 478 6 732 733 734 1346 1352 488
50 4928 575 5632 478 0
201 4928 575 5279 525 1 1355
202 5280 575 5632 525 5 1256 737 1357 1381 1250
203 4928 526 5279 478 2 1354 1355
204 5280 526 5632 478 9 737 736 1356 1357 1358 1370 499 1250 1253
51 4224 479 4927 383 0
205 4224 479 4574 430 0
206 4575 479 4927 430 4 1369 1346 735 734
207 4224 431 4574 383 1 120
208 4575 431 4927 383 3 1369 735 120
52 4928 479 5632 383 0
209 4928 479 5279 430 2 1354 1353
210 5280 479 5632 430 5 1358 1356 1370 499 1253
211 4928 431 5279 383 1 120
212 5280 431 5632 383 2 120 1253
3 0 384 2815 0 0
4 2816 384 5632 0 0
17 2816 384 4223 191 0
69 2816 384 3518 286 0
277 2816 384 3166 334 1 1359
278 3167 384 3518 334 2 719 1359
279 2816 335 3166 286 1 1310
280 3167 335 3518 286 7 719 718 717 1311 1322 1323 1365
70 3519 384 4223 286 0
281 3519 384 3870 334 2 742 1360
282 3871 384 4223 334 2 1326 1328
283 3519 335 3870 286 5 1323 742 741 1324 1325
284 3871 335 4223 286 5 741 740 1326 1327 1328
71 2816 287 3518 191 0
285 2816 287 3166 238 0
286 3167 287 3518 238 3 504 1365 717
287 2816 239 3166 191 1 177
288 3167 239 3518 191 2 504 177
72 3519 287 4223 191 0
289 3519 287 3870 238 0
290 3871 287 4223 238 3 740 739 1328
291 3519 239 3870 191 3 177 193 197
292 3871 239 4223 191 5 1366 739 738 197 1328
18 4224 384 5632 191 0
19 2816 192 4223 0 0
77 2816 192 3518 95 1 177
78 3519 192 4223 95 0
313 3519 192 3870 142 3 177 193 197
314 3871 192 4223 142 2 197 1328
315 3519 143 3870 95 0
316 3871 143 4223 95 2 272 1328
79 2816 96 3518 0 0
80 3519 96 4223 0 1 270
20 4224 192 5632 0 0
